6.5 0 1
-6.5 -0 0
6.31381 1.25589 1
-6.31381 -1.25589 0
5.88973 2.43961 1
-5.88973 -2.43961 0
5.24865 3.50704 1
-5.24865 -3.50704 0
4.41942 4.41942 1
-4.41942 -4.41942 0
3.43759 5.14472 1
-3.43759 -5.14472 0
2.34394 5.65876 1
-2.34394 -5.65876 0
1.18274 5.94601 1
-1.18274 -5.94601 0
3.67394e-016 6 1
-3.67394e-016 -6 0
-1.15835 5.82341 1
1.15835 -5.82341 0
-2.24827 5.42779 1
2.24827 -5.42779 0
-3.22925 4.83292 1
3.22925 -4.83292 0
-4.06586 4.06586 1
4.06586 -4.06586 0
-4.72898 3.15981 1
4.72898 -3.15981 0
-5.19682 2.15259 1
5.19682 -2.15259 0
-5.45562 1.08519 1
5.45562 -1.08519 0
-5.5 6.73556e-016 1
5.5 -6.73556e-016 0
-5.33302 -1.0608 1
5.33302 1.0608 0
-4.96585 -2.05692 1
4.96585 2.05692 0
-4.41718 -2.95147 1
4.41718 2.95147 0
-3.71231 -3.71231 1
3.71231 3.71231 0
-2.88202 -4.31325 1
2.88202 4.31325 0
-1.96125 -4.73488 1
1.96125 4.73488 0
-0.987645 -4.96523 1
0.987645 4.96523 0
-9.18485e-016 -5 1
9.18485e-016 5 0
0.963258 -4.84263 1
-0.963258 4.84263 0
1.86558 -4.50391 1
-1.86558 4.50391 0
2.67368 -4.00145 1
-2.67368 4.00145 0
3.35876 -3.35876 1
-3.35876 3.35876 0
3.89751 -2.60424 1
-3.89751 2.60424 0
4.27294 -1.76991 1
-4.27294 1.76991 0
4.47483 -0.8901 1
-4.47483 0.8901 0
4.5 -1.10218e-015 1
-4.5 1.10218e-015 0
4.35223 0.865713 1
-4.35223 -0.865713 0
4.04197 1.67424 1
-4.04197 -1.67424 0
3.58571 2.3959 1
-3.58571 -2.3959 0
3.0052 3.0052 1
-3.0052 -3.0052 0
2.32645 3.48178 1
-2.32645 -3.48178 0
1.57857 3.811 1
-1.57857 -3.811 0
0.792554 3.98444 1
-0.792554 -3.98444 0
1.22465e-015 4 1
-1.22465e-015 -4 0
-0.768168 3.86184 1
0.768168 -3.86184 0
-1.4829 3.58003 1
1.4829 -3.58003 0
-2.11811 3.16998 1
2.11811 -3.16998 0
-2.65165 2.65165 1
2.65165 -2.65165 0
-3.06604 2.04867 1
3.06604 -2.04867 0
-3.34906 1.38723 1
3.34906 -1.38723 0
-3.49405 0.695009 1
3.49405 -0.695009 0
-3.5 1.28588e-015 1
3.5 -1.28588e-015 0
-3.37145 -0.670623 1
3.37145 0.670623 0
-3.11809 -1.29156 1
3.11809 1.29156 0
-2.75424 -1.84033 1
2.75424 1.84033 0
-2.2981 -2.2981 1
2.2981 2.2981 0
-1.77088 -2.65031 1
1.77088 2.65031 0
-1.19589 -2.88712 1
1.19589 2.88712 0
-0.597464 -3.00365 1
0.597464 3.00365 0
-1.28588e-015 -3 1
1.28588e-015 3 0
0.573078 -2.88106 1
-0.573078 2.88106 0
1.10021 -2.65615 1
-1.10021 2.65615 0
1.56254 -2.33851 1
-1.56254 2.33851 0
1.94454 -1.94454 1
-1.94454 1.94454 0
2.23457 -1.4931 1
-2.23457 1.4931 0
2.42518 -1.00454 1
-2.42518 1.00454 0
2.51326 -0.499919 1
-2.51326 0.499919 0
2.5 -1.22465e-015 1
-2.5 1.22465e-015 0
2.39066 0.475533 1
-2.39066 -0.475533 0
2.19421 0.908873 1
-2.19421 -0.908873 0
1.92277 1.28476 1
-1.92277 -1.28476 0
1.59099 1.59099 1
-1.59099 -1.59099 0
1.21531 1.81884 1
-1.21531 -1.81884 0
0.813202 1.96324 1
-0.813202 -1.96324 0
0.402374 2.02287 1
-0.402374 -2.02287 0
1.10218e-015 2 1
-1.10218e-015 -2 0
-0.377987 1.90027 1
0.377987 -1.90027 0
-0.717531 1.73227 1
0.717531 -1.73227 0
-1.00697 1.50704 1
1.00697 -1.50704 0
-1.23744 1.23744 1
1.23744 -1.23744 0
-1.4031 0.937525 1
1.4031 -0.937525 0
-1.5013 0.621861 1
1.5013 -0.621861 0
-1.53248 0.304829 1
1.53248 -0.304829 0
-1.5 9.18485e-016 1
1.5 -9.18485e-016 0
-1.40988 -0.280442 1
1.40988 0.280442 0
-1.27033 -0.52619 1
1.27033 0.52619 0
-1.0913 -0.729186 1
1.0913 0.729186 0
-0.883883 -0.883883 1
0.883883 0.883883 0
-0.65974 -0.98737 1
0.65974 0.98737 0
-0.430519 -1.03936 1
0.430519 1.03936 0
-0.207283 -1.04208 1
0.207283 1.04208 0
-2.44991e-015 -1 1
2.44991e-015 1 0
0.182897 -0.919486 1
-0.182897 0.919486 0
0.334848 -0.808395 1
-0.334848 0.808395 0
0.451401 -0.675569 1
-0.451401 0.675569 0
0.53033 -0.53033 1
-0.53033 0.53033 0
0.571635 -0.381955 1
-0.571635 0.381955 0
0.577425 -0.239177 1
-0.577425 0.239177 0
0.551692 -0.109738 1
-0.551692 0.109738 0
0.5 -3.67394e-016 1
-0.5 3.67394e-016 0